20020701	1
20020702	2
20020703	0
20020704	0
20020705	0
20020706	0
20020707	0
20020708	40
20020709	68
20020710	55
20020711	65
20020712	118
20020713	0
20020714	0
20020715	184
20020716	149
20020717	155
20020718	179
20020719	190
20020720	0
20020721	0
20020722	282
20020723	233
20020724	233
20020725	171
20020726	200
20020727	0
20020728	0
20020729	272
20020730	267
20020731	192
20020801	240
20020802	271
20020803	0
20020804	0
20020805	233
20020806	273
20020807	302
20020808	273
20020809	382
20020810	1
20020811	0
20020812	425
20020813	461
20020814	658
20020815	539
20020816	351
20020817	12
20020818	0
20020819	446
20020820	523
20020821	501
20020822	522
20020823	457
20020824	8
20020825	0
20020826	470
20020827	456
20020828	432
20020829	638
20020830	342
20020831	17
20020901	0
20020902	21
20020903	512
20020904	550
20020905	579
20020906	465
20020907	2
20020908	0
20020909	484
20020910	658
20020911	492
20020912	518
20020913	584
20020914	9
20020915	0
20020916	416
20020917	728
20020918	816
20020919	665
20020920	545
20020921	6
20020922	0
20020923	623
20020924	587
20020925	536
20020926	593
20020927	707
20020928	0
20020929	5
20020930	837
20021001	716
20021002	646
20021003	667
20021004	786
20021005	52
20021006	0
20021007	675
20021008	797
20021009	787
20021010	795
20021011	755
20021012	16
20021013	0
20021014	24
20021015	775
20021016	694
20021017	772
20021018	771
20021019	55
20021020	35
20021021	806
20021022	802
20021023	857
20021024	1002
20021025	728
20021026	112
20021027	28
20021028	856
20021029	1051
20021030	905
20021031	9110
20021101	8776
20021102	24598
20021103	24355
20021104	904
20021105	12649
20021106	822
20021107	791
20021108	37998
20021109	11356
20021110	0
20021111	12645
20021112	2300
20021113	764
20021114	983
20021115	440
20021116	179
20021117	40
20021118	960
20021119	12892
20021120	13282
20021121	12459
20021122	986
20021123	25755
20021124	509
20021125	15535
20021126	2643
20021127	62244
20021128	0
20021129	5
20021130	5
20021201	14277
20021202	754
20021203	807
20021204	877
20021205	912
20021206	962
20021207	11973
20021208	4
20021209	13873
20021210	1304
20021211	25336
20021212	976
20021213	10523
20021214	36916
20021215	6
20021216	12736
20021217	22617
20021218	10815
20021219	12901
20021220	35214
20021221	33971
20021222	0
20021223	787
20021224	509
20021225	10
20021226	32
20021227	0
20021228	1
20021229	0
20021230	22
20021231	13
20030101	8
20030102	708
20030103	622
20030104	65
20030105	0
20030106	803
20030107	940
20030108	896
20030109	946
20030110	926
20030111	142
20030112	0
20030113	996
20030114	1449
20030115	1079
20030116	1084
20030117	871
20030118	22
20030119	1
20030120	99
20030121	1207
20030122	1225
20030123	1025
20030124	854
20030125	84
20030126	2
20030127	1078
20030128	882
20030129	943
20030130	1304
20030131	1054
20030201	107
20030202	2
20030203	1004
20030204	985
20030205	1269
20030206	1090
20030207	817
20030208	91
20030209	7
20030210	958
20030211	1311
20030212	904
20030213	1074
20030214	889
20030215	0
20030216	0
20030217	30
20030218	165
20030219	1054
20030220	1419
20030221	900
20030222	108
20030223	17
20030224	1134
20030225	1602
20030226	872
20030227	969
20030228	875
20030301	162
20030302	7
20030303	988
20030304	1351
20030305	1005
20030306	1008
20030307	1044
20030308	105
20030309	5
20030310	1017
20030311	1214
20030312	1243
20030313	1006
20030314	1093
20030315	130
20030316	1
20030317	1223
20030318	1137
20030319	1200
20030320	979
20030321	865
20030322	218
20030323	0
20030324	950
20030325	2172
20030326	1223
20030327	1180
20030328	1318
20030329	264
20030330	20
20030331	1193
20030401	1196
20030402	1110
20030403	1078
20030404	952
20030405	955
20030406	47
20030407	1274
20030408	1453
20030409	934
20030410	1035
20030411	1046
20030412	208
20030413	57
20030414	1074
20030415	1052
20030416	1407
20030417	1025
20030418	971
20030419	27
20030420	0
20030421	1272
20030422	1412
20030423	975
20030424	792
20030425	894
20030426	64
20030427	0
20030428	1164
20030429	1537
20030430	1043
20030501	1143
20030502	895
20030503	71
20030504	1
20030505	1072
20030506	1083
20030507	1349
20030508	941
20030509	798
20030510	17
20030511	0
20030512	983
20030513	1119
20030514	1122
20030515	934
20030516	767
20030517	44
20030518	20
20030519	977
20030520	1712
20030521	986
20030522	835
20030523	690
20030524	40
20030525	19
20030526	13
20030527	1236
20030528	986
20030529	890
20030530	689
20030531	42
20030601	8
20030602	819
20030603	1520
20030604	925
20030605	917
20030606	458
20030607	5
20030608	30
20030609	750
20030610	918
20030611	1254
20030612	858
20030613	662
20030614	12
20030615	46
20030616	1056
20030617	1037
20030618	1383
20030619	934
20030620	777
20030621	13
20030622	8
20030623	884
20030624	1325
20030625	834
20030626	775
20030627	840
20030628	20
20030629	10
20030630	572
20030701	1396
20030702	942
20030703	701
20030704	12
20030705	1
20030706	1
20030707	755
20030708	1048
20030709	1073
20030710	853
20030711	2540
20030712	427
20030713	168
20030714	808
20030715	1250
20030716	907
20030717	1113
20030718	887
20030719	42
20030720	2
20030721	981
20030722	1671
20030723	1343
20030724	1039
20030725	877
20030726	10
20030727	2
20030728	1073
20030729	1701
20030730	1170
20030731	1220
20030801	698
20030802	29
20030803	0
20030804	867
20030805	640
20030806	955
20030807	983
20030808	841
20030809	10
20030810	37
20030811	953
20030812	1391
20030813	1277
20030814	1198
20030815	808
20030816	35
20030817	0
20030818	1093
20030819	1093
20030820	1022
20030821	972
20030822	790
20030823	24
20030824	0
20030825	1055
20030826	1708
20030827	1299
20030828	1053
20030829	943
20030830	13
20030831	1
20030901	33
20030902	1215
20030903	1067
20030904	1038
20030905	1021
20030906	679
20030907	0
20030908	1169
20030909	1424
20030910	1317
20030911	1009
20030912	864
20030913	19
20030914	38
20030915	1096
20030916	1405
20030917	1143
20030918	1001
20030919	917
20030920	1530
20030921	12
20030922	935
20030923	1275
20030924	1069
20030925	1031
20030926	945
20030927	1
20030928	9
20030929	822
20030930	1134
20031001	874
20031002	1014
20031003	855
20031004	143
20031005	25
20031006	869
20031007	1415
20031008	1103
20031009	1183
20031010	999
20031011	3
20031012	4
20031013	80
20031014	1167
20031015	1018
20031016	1166
20031017	1001
20031018	154
20031019	28
20031020	1029
20031021	1344
20031022	817
20031023	1127
20031024	974
20031025	34
20031026	15
20031027	1024
20031028	1369
20031029	1130
20031030	974
20031031	921
20031101	29
20031102	3
20031103	903
20031104	1175
20031105	968
20031106	1133
20031107	952
20031108	6
20031109	15
20031110	1046
20031111	409
20031112	1098
20031113	1031
20031114	956
20031115	19
20031116	62
20031117	1089
20031118	1442
20031119	1025
20031120	1196
20031121	946
20031122	23
20031123	204
20031124	1090
20031125	1388
20031126	836
20031127	0
20031128	22
20031129	19
20031130	57
20031201	789
20031202	1162
20031203	1158
20031204	887
20031205	1069
20031206	10
20031207	63
20031208	960
20031209	1319
20031210	1166
20031211	872
20031212	937
20031213	8
20031214	18
20031215	931
20031216	1123
20031217	859
20031218	842
20031219	854
20031220	0
20031221	0
20031222	916
20031223	1121
20031224	158
20031225	0
20031226	3
20031227	0
20031228	0
20031229	17
20031230	0
20031231	9
20040101	0
20040102	3
20040103	0
20040104	0
20040105	304
20040106	735
20040107	824
20040108	758
20040109	767
20040110	0
20040111	2
20040112	863
20040113	969
20040114	1020
20040115	941
20040116	802
20040117	4
20040118	1
20040119	21
20040120	1015
20040121	1239
20040122	1089
20040123	867
20040124	0
20040125	0
20040126	1107
20040127	1189
20040128	1166
20040129	2189
20040130	1126
20040131	23
20040201	4
20040202	1012
20040203	1298
20040204	1393
20040205	1086
20040206	1128
20040207	33
20040208	17
20040209	947
20040210	1199
20040211	1119
20040212	1052
20040213	1032
20040214	12
20040215	11
20040216	37
20040217	1165
20040218	1236
20040219	990
20040220	1150
20040221	12
20040222	4
20040223	1140
20040224	1163
20040225	1315
20040226	899
20040227	1322
20040228	25
20040229	11
20040301	777
20040302	1158
20040303	1248
20040304	1244
20040305	1052
20040306	172
20040307	95
20040308	1060
20040309	1300
20040310	1178
20040311	1044
20040312	918
20040313	17
20040314	27
20040315	980
20040316	1718
20040317	1164
20040318	1033
20040319	1088
20040320	33
20040321	23
20040322	1200
20040323	1543
20040324	1038
20040325	1241
20040326	1122
20040327	27
20040328	13
20040329	1038
20040330	1900
20040331	1169
20040401	1141
20040402	971
20040403	2
20040404	29
20040405	1036
20040406	1529
20040407	1212
20040408	1098
20040409	960
20040410	13
20040411	0
20040412	1280
20040413	1616
20040414	1110
20040415	1019
20040416	947
20040417	40
20040418	124
20040419	1022
20040420	1745
20040421	1516
20040422	909
20040423	956
20040424	49
20040425	147
20040426	879
20040427	1725
20040428	1239
20040429	1089
20040430	1160
20040501	2
20040502	38
20040503	1013
20040504	1591
20040505	1326
20040506	1029
20040507	1152
20040508	1
20040509	10
20040510	1120
20040511	1504
20040512	1049
20040513	1068
20040514	946
20040515	51
20040516	152
20040517	1162
20040518	1770
20040519	1184
20040520	1037
20040521	1116
20040522	0
20040523	2
20040524	1276
20040525	1709
20040526	1281
20040527	1025
20040528	981
20040529	0
20040530	8
20040531	44
20040601	1549
20040602	1220
20040603	1369
20040604	1227
20040605	84
20040606	97
20040607	1231
20040608	1900
20040609	1431
20040610	813
20040611	1039
20040612	33
20040613	38
20040614	1303
20040615	1724
20040616	1829
20040617	1627
20040618	1539
20040619	33
20040620	227
20040621	1220
20040622	1203
20040623	725
20040624	934
20040625	780
20040626	6
20040627	16
20040628	841
20040629	1459
20040630	945
20040701	753
20040702	677
20040703	1
20040704	91
20040705	1
20040706	983
20040707	1108
20040708	1161
20040709	776
20040710	1
20040711	34
20040712	1172
20040713	1747
20040714	1194
20040715	1074
20040716	946
20040717	1
20040718	2
20040719	1093
20040720	1764
20040721	1120
20040722	1178
20040723	890
20040724	0
20040725	0
20040726	1229
20040727	1754
20040728	1315
20040729	1192
20040730	1050
20040731	9
20040801	5
20040802	1091
20040803	1325
20040804	1088
20040805	1137
20040806	996
20040807	0
20040808	1
20040809	1171
20040810	1159
20040811	1193
20040812	1169
20040813	976
20040814	0
20040815	3
20040816	849
20040817	993
20040818	1268
20040819	1151
20040820	844
20040821	0
20040822	0
20040823	817
20040824	875
20040825	788
20040826	1262
20040827	1209
20040828	1
20040829	2
20040830	1365
20040831	1089
20040901	1094
20040902	1068
20040903	914
20040904	0
20040905	39
20040906	2
20040907	890
20040908	1008
20040909	1089
20040910	1228
20040911	0
20040912	0
20040913	1420
20040914	1514
20040915	1104
20040916	1181
20040917	1149
20040918	34
20040919	133
20040920	1357
20040921	1554
20040922	2185
20040923	1335
20040924	1193
20040925	0
20040926	5
20040927	1387
20040928	1815
20040929	1288
20040930	1473
20041001	1201
20041002	14
20041003	24
20041004	1324
20041005	1504
20041006	1201
20041007	1079
20041008	901
20041009	4
20041010	3
20041011	53
20041012	1332
20041013	875
20041014	862
20041015	790
20041016	2
20041017	0
20041018	892
20041019	1473
20041020	1071
20041021	997
20041022	814
20041023	12
20041024	13
20041025	979
20041026	1114
20041027	964
20041028	935
20041029	928
20041030	36
20041031	25
20041101	1049
20041102	1093
20041103	712
20041104	722
20041105	702
20041106	12
20041107	9
20041108	753
20041109	1118
20041110	531
20041111	29
20041112	606
20041113	47
20041114	16
20041115	810
20041116	1136
20041117	829
20041118	898
20041119	781
20041120	13
20041121	20
20041122	902
20041123	1336
20041124	614
20041125	0
20041126	1
20041127	14
20041128	48
20041129	847
20041130	1273
20041201	735
20041202	821
20041203	577
20041204	21
20041205	16
20041206	699
20041207	885
20041208	812
20041209	946
20041210	708
20041211	0
20041212	4
20041213	838
20041214	922
20041215	640
20041216	659
20041217	571
20041218	17
20041219	5
20041220	771
20041221	717
20041222	603
20041223	193
20041224	0
20041225	0
20041226	1
20041227	9
20041228	30
20041229	42
20041230	55
20041231	23
20050101	0
20050102	0
20050103	624
20050104	1280
20050105	646
20050106	1653
20050107	740
20050108	2
20050109	0
20050110	912
20050111	1207
20050112	956
20050113	1202
20050114	598
20050115	6
20050116	26
20050117	0
20050118	1242
20050119	832
20050120	783
20050121	579
20050122	3
20050123	23
20050124	48
20050125	819
20050126	128
20050127	863
20050128	673
20050129	33
20050130	21
20050131	999
20050201	962
20050202	979
20050203	663
20050204	689
20050205	15
20050206	3
20050207	731
20050208	1219
20050209	1029
20050210	839
20050211	1021
20050212	2
20050213	1
20050214	992
20050215	1079
20050216	1239
20050217	881
20050218	798
20050219	1
20050220	0
20050221	15
20050222	945
20050223	862
20050224	739
20050225	740
20050226	19
20050227	158
20050228	1173
20050301	1138
20050302	1078
20050303	1259
20050304	868
20050305	26
20050306	28
20050307	1009
20050308	1309
20050309	942
20050310	949
20050311	748
20050312	30
20050313	5
20050314	796
20050315	1438
20050316	994
20050317	1143
20050318	5641
20050319	830
20050320	51
20050321	822
20050322	1583
20050323	799
20050324	816
20050325	760
20050326	13
20050327	3
20050328	901
20050329	1452
20050330	770
20050331	944
20050401	610
20050402	5
20050403	4
20050404	987
20050405	1157
20050406	735
20050407	1000
20050408	671
20050409	23
20050410	59
20050411	914
20050412	1681
20050413	926
20050414	991
20050415	682
20050416	51
20050417	0
20050418	766
20050419	1523
20050420	860
20050421	943
20050422	627
20050423	35
20050424	9
20050425	1360
20050426	2018
20050427	984
20050428	759
20050429	874
20050430	56
20050501	4
20050502	649
20050503	1256
20050504	860
20050505	810
20050506	788
20050507	0
20050508	28
20050509	886
20050510	1465
20050511	637
20050512	653
20050513	3851
20050514	5
20050515	21
20050516	834
20050517	1220
20050518	912
20050519	961
20050520	936
20050521	75
20050522	65
20050523	726
20050524	1092
20050525	935
20050526	755
20050527	644
20050528	0
20050529	4
20050530	13
20050531	1215
20050601	935
20050602	832
20050603	742
20050604	24
20050605	25
20050606	1069
20050607	1418
20050608	1039
20050609	634
20050610	901
20050611	23
20050612	7
20050613	726
20050614	1753
20050615	1037
20050616	1137
20050617	932
20050618	8
20050619	0
20050620	980
20050621	1804
20050622	1348
20050623	561
20050624	431
20050625	2
20050626	0
20050627	551
20050628	833
20050629	639
20050630	560
20050701	407
20050702	1
20050703	8
20050704	25
20050705	751
20050706	686
20050707	1019
20050708	733
20050709	30
20050710	1
20050711	898
20050712	1087
20050713	957
20050714	740
20050715	687
20050716	17
20050717	24
20050718	956
20050719	1006
20050720	806
20050721	797
20050722	745
20050723	0
20050724	134
20050725	883
20050726	1484
20050727	1029
20050728	881
20050729	759
20050730	0
20050731	31
20050801	874
20050802	1331
20050803	983
20050804	1053
20050805	715
20050806	1
20050807	8
20050808	928
20050809	1165
20050810	1021
20050811	1020
20050812	713
20050813	1
20050814	7
20050815	830
20050816	1191
20050817	1030
20050818	1071
20050819	942
20050820	7
20050821	6
20050822	1145
20050823	1313
20050824	961
20050825	949
20050826	850
20050827	1
20050828	0
20050829	829
20050830	927
20050831	685
20050901	632
20050902	501
20050903	15
20050904	0
20050905	0
20050906	624
20050907	702
20050908	792
20050909	546
20050910	0
20050911	0
20050912	664
20050913	1439
20050914	729
20050915	840
20050916	879
20050917	1
20050918	1
20050919	771
20050920	1623
20050921	839
20050922	1005
20050923	756
20050924	6
20050925	9
20050926	857
20050927	1227
20050928	820
20050929	857
20050930	924
20051001	3
20051002	0
20051003	935
20051004	1244
20051005	820
20051006	736
20051007	903
20051008	1
20051009	5
20051010	60
20051011	1272
20051012	776
20051013	836
20051014	874
20051015	1
20051016	32
20051017	777
20051018	1177
20051019	835
20051020	1053
20051021	920
20051022	5
20051023	293
20051024	936
20051025	1311
20051026	1026
20051027	1072
20051028	1029
20051029	1
20051030	0
20051031	954
20051101	1339
20051102	902
20051103	1071
20051104	763
20051105	20
20051106	3
20051107	1041
20051108	1037
20051109	1087
20051110	971
20051111	114
20051112	0
20051113	5
20051114	931
20051115	1226
20051116	1120
20051117	1117
20051118	900
20051119	13
20051120	27
20051121	1045
20051122	1744
20051123	610
20051124	0
20051125	11
20051126	17
20051127	17
20051128	1230
20051129	1301
20051130	952
20051201	885
20051202	713
20051203	3419
20051204	1
20051205	812
20051206	1240
20051207	913
20051208	830
20051209	696
20051210	0
20051211	5
20051212	716
20051213	1451
20051214	977
20051215	774
20051216	846
20051217	0
20051218	1
20051219	792
20051220	1309
20051221	644
20051222	811
20051223	161
20051224	0
20051225	2
20051226	0
20051227	129
20051228	43
20051229	43
20051230	14
20051231	11
20060101	6
20060102	1
20060103	764
20060104	897
20060105	972
20060106	628
20060107	5
20060108	11
20060109	939
20060110	1542
20060111	860
20060112	1003
20060113	614
20060114	4
20060115	12
20060116	10
20060117	1063
20060118	825
20060119	1246
20060120	776
20060121	1
20060122	3
20060123	1424
20060124	1291
20060125	1057
20060126	1028
20060127	873
20060128	4
20060129	1
20060130	771
20060131	1054
20060201	790
20060202	905
20060203	700
20060204	13
20060205	8
20060206	872
20060207	1202
20060208	934
20060209	1475
20060210	758
20060211	5
20060212	0
20060213	860
20060214	1209
20060215	752
20060216	808
20060217	801
20060218	85
20060219	2
20060220	36
20060221	1084
20060222	983
20060223	906
20060224	850
20060225	1
20060226	9
20060227	923
20060228	1425
20060301	987
20060302	1078
20060303	772
20060304	10
20060305	72
20060306	849
20060307	1203
20060308	951
20060309	879
20060310	821
20060311	30
20060312	71
20060313	779
20060314	1490
20060315	840
20060316	902
20060317	788
20060318	7
20060319	27
20060320	893
20060321	1506
20060322	1163
20060323	1203
20060324	764
20060325	11
20060326	160
20060327	898
20060328	1130
20060329	917
20060330	823
20060331	6602
20060401	0
20060402	48
20060403	748
20060404	1278
20060405	1058
20060406	742
20060407	773
20060408	6
20060409	10
20060410	863
20060411	1223
20060412	802
20060413	1000
20060414	655
20060415	6
20060416	23
20060417	825
20060418	1183
20060419	1033
20060420	904
20060421	768
20060422	11
20060423	35
20060424	1049
20060425	2048
20060426	990
20060427	1031
20060428	984
20060429	230
20060430	93
20060501	727
20060502	1100
20060503	856
20060504	823
20060505	505
20060506	4
20060507	0
20060508	811
20060509	1357
20060510	995
20060511	867
20060512	817
20060513	8
20060514	43
20060515	873
20060516	1089
20060517	1024
20060518	937
20060519	2433
20060520	809
20060521	0
20060522	1000
20060523	1201
20060524	956
20060525	1330
20060526	800
20060527	0
20060528	5
20060529	0
20060530	1258
20060531	1025
20060601	935
20060602	694
20060603	23
20060604	2
20060605	770
20060606	938
20060607	1042
20060608	1190
20060609	1105
20060610	19
20060611	0
20060612	1034
20060613	1179
20060614	1069
20060615	1717
20060616	1015
20060617	34
20060618	20
20060619	1137
20060620	1464
20060621	1679
20060622	1671
20060623	689
20060624	3
20060625	2
20060626	653
20060627	800
20060628	605
20060629	833
20060630	392
20060701	3
20060702	1
20060703	375
20060704	46
20060705	543
20060706	760
20060707	772
20060708	2
20060709	0
20060710	1104
20060711	998
20060712	1240
20060713	992
20060714	657
20060715	73
20060716	4
20060717	1225
20060718	896
20060719	989
20060720	939
20060721	550
20060722	54
20060723	4
20060724	1420
20060725	802
20060726	1415
20060727	1472
20060728	677
20060729	77
20060730	1
20060731	699
20060801	759
20060802	756
20060803	1906
20060804	711
20060805	621
20060806	1
20060807	727
20060808	835
20060809	1030
20060810	1321
20060811	732
20060812	5
20060813	8
20060814	835
20060815	1074
20060816	806
20060817	1573
20060818	748
20060819	0
20060820	0
20060821	709
20060822	807
20060823	947
20060824	961
20060825	767
20060826	12
20060827	40
20060828	938
20060829	1059
20060830	884
20060831	798
20060901	1051
20060902	57
20060903	1
20060904	0
20060905	560
20060906	737
20060907	527
20060908	790
20060909	51
20060910	1
20060911	729
20060912	950
20060913	781
20060914	3837
20060915	2001
20060916	150
20060917	0
20060918	1061
20060919	975
20060920	971
20060921	3015
20060922	1288
20060923	0
20060924	6
20060925	951
20060926	1019
20060927	1132
20060928	1763
20060929	769
20060930	42
20061001	15
20061002	985
20061003	924
20061004	805
20061005	1554
20061006	726
20061007	78
20061008	1
20061009	4
20061010	958
20061011	780
20061012	1098
20061013	574
20061014	59
20061015	0
20061016	802
20061017	875
20061018	1137
20061019	1188
20061020	556
20061021	0
20061022	14
20061023	805
20061024	877
20061025	891
20061026	1109
20061027	821
20061028	94
20061029	1
20061030	949
20061031	930
20061101	867
20061102	1123
20061103	624
20061104	59
20061105	22
20061106	766
20061107	992
20061108	866
20061109	1111
20061110	139
20061111	51
20061112	16
20061113	862
20061114	922
20061115	925
20061116	2060
20061117	556
20061118	39
20061119	5
20061120	875
20061121	929
20061122	2309
20061123	500
20061124	5
20061125	14
20061126	0
20061127	815
20061128	995
20061129	689
20061130	1387
20061201	740
20061202	155
20061203	3
20061204	782
20061205	874
20061206	917
20061207	1337
20061208	1055
20061209	54
20061210	1
20061211	895
20061212	892
20061213	787
20061214	1058
20061215	629
20061216	114
20061217	16
20061218	805
20061219	709
20061220	782
20061221	1194
20061222	381
20061223	97
20061224	1
20061225	0
20061226	64
20061227	13
20061228	301
20061229	73
20061230	34
20061231	10
20070101	0
20070102	556
20070103	867
20070104	830
20070105	758
20070106	1
20070107	195
20070108	727
20070109	928
20070110	898
20070111	927
20070112	1719
20070113	9
20070114	1
20070115	4
20070116	962
20070117	809
20070118	852
20070119	2260
20070120	109
20070121	0
20070122	900
20070123	1176
20070124	863
20070125	952
20070126	1209
20070127	86
20070128	0
20070129	816
20070130	1060
20070131	1014
20070201	835
20070202	783
20070203	63
20070204	0
20070205	791
20070206	972
20070207	990
20070208	931
20070209	610
20070210	6
20070211	3
20070212	787
20070213	1119
20070214	703
20070215	904
20070216	1345
20070217	31
20070218	847
20070219	0
20070220	1200
20070221	1059
20070222	1316
20070223	1081
20070224	112
20070225	78
20070226	820
20070227	1152
20070228	1017
20070301	857
20070302	554
20070303	76
20070304	15
20070305	986
20070306	1061
20070307	887
20070308	1317
20070309	732
20070310	243
20070311	10
20070312	833
20070313	1237
20070314	1093
20070315	1576
20070316	487
20070317	164
20070318	87
20070319	621
20070320	986
20070321	797
20070322	1195
20070323	896
20070324	162
20070325	88
20070326	820
20070327	1199
20070328	814
20070329	2464
20070330	566
20070331	74
20070401	17
20070402	789
20070403	825
20070404	938
20070405	1014
20070406	565
20070407	56
20070408	30
20070409	755
20070410	925
20070411	908
20070412	1231
20070413	923
20070414	15
20070415	15
20070416	771
20070417	1140
20070418	1144
20070419	1503
20070420	734
20070421	45
20070422	101
20070423	849
20070424	909
20070425	981
20070426	1147
20070427	1114
20070428	163
20070429	72
20070430	1027
20070501	1381
20070502	996
20070503	1171
20070504	708
20070505	89
20070506	53
20070507	1020
20070508	838
20070509	1662
20070510	970
20070511	20011
20070512	18988
20070513	56
20070514	15885
20070515	1041
20070516	1747
20070517	13911
20070518	41476
20070519	221
20070520	50
20070521	841
20070522	780
20070523	28859
20070524	2169
20070525	817
20070526	124
20070527	22
20070528	0
20070529	5078
20070530	838
20070531	1224
20070601	43609
20070602	236
20070603	75
20070604	551
20070605	588
20070606	914
20070607	3751
20070608	31739
20070609	2814
20070610	29
20070611	5934
20070612	979
20070613	1057
20070614	1243
20070615	792
20070616	154
20070617	1
20070618	781
20070619	768
20070620	978
20070621	749
20070622	496
20070623	34
20070624	0
20070625	635
20070626	1003
20070627	837
20070628	811
20070629	771
20070630	2905
20070701	0
20070702	461
20070703	498
20070704	146
20070705	798
20070706	463
20070707	89
20070708	0
20070709	645
20070710	607
20070711	936
20070712	1192
20070713	539
20070714	90
20070715	11
20070716	739
20070717	803
20070718	833
20070719	976
20070720	43525
20070721	121
20070722	38925
20070723	764
20070724	850
20070725	925
20070726	1017
20070727	42786
20070728	335
20070729	259
20070730	908
20070731	1562
20070801	913
20070802	1270
20070803	38466
20070804	337
20070805	202
20070806	746
20070807	860
20070808	1071
20070809	30961
20070810	39976
20070811	566
20070812	300
20070813	879
20070814	1546
20070815	983
20070816	947
20070817	54251
20070818	607
20070819	165
20070820	1004
20070821	5789
20070822	851
20070823	679
20070824	648
20070825	300
20070826	5
20070827	744
20070828	19985
20070829	1229
20070830	4031
20070831	41457
20070901	256
20070902	17
20070903	39
20070904	12695
20070905	23763
20070906	800
20070907	43901
20070908	574
20070909	20932
20070910	956
20070911	1097
20070912	1148
20070913	712
20070914	44226
20070915	1094
20070916	24488
20070917	827
20070918	723
20070919	776
20070920	1042
20070921	772
20070922	105
20070923	20
20070924	708
20070925	1066
20070926	1302
20070927	873
20070928	39034
20070929	847
20070930	17
20071001	860
20071002	926
20071003	1145
20071004	824
20071005	40556
20071006	24949
20071007	1821
20071008	11
20071009	920
20071010	885
20071011	1016
20071012	22411
20071013	260
20071014	1124
20071015	907
20071016	1101
20071017	894
20071018	1105
20071019	839
20071020	196
20071021	33
20071022	602
20071023	969
20071024	1223
20071025	1210
20071026	647
20071027	263
20071028	5
20071029	936
20071030	748
20071031	1326
20071101	870
20071102	1302
20071103	155
20071104	8
20071105	1123
20071106	949
20071107	1199
20071108	847
20071109	953
20071110	165
20071111	37
20071112	8
20071113	920
20071114	1136
20071115	1059
20071116	1023
20071117	160
20071118	53
20071119	916
20071120	1331
20071121	1067
20071122	183
20071123	15
20071124	38
20071125	26
20071126	838
20071127	625
20071128	1133
20071129	942
20071130	858
20071201	250
20071202	118
20071203	853
20071204	779
20071205	1521
20071206	914
20071207	971
20071208	257
20071209	23
20071210	1009
20071211	1189
20071212	1311
20071213	982
20071214	660
20071215	362
20071216	341
20071217	1159
20071218	1634
20071219	1371
20071220	857
20071221	1035
20071222	142
20071223	95
20071224	0
20071225	0
20071226	64
20071227	125
20071228	7
20071229	0
20071230	0
20071231	0
20080101	169
20080102	480
20080103	991
20080104	1166
20080105	68
20080106	133
20080107	727
20080108	1001
20080109	1126
20080110	939
20080111	806
20080112	77
20080113	33
20080114	655
20080115	982
20080116	1791
20080117	1495
20080118	1128
20080119	282
20080120	106
20080121	17
20080122	1042
20080123	1181
20080124	1142
20080125	999
20080126	127
20080127	52
20080128	916
20080129	1006
20080130	1129
20080131	905
20080201	746
20080202	92
20080203	45
20080204	1061
20080205	1052
20080206	931
20080207	729
20080208	976
20080209	155
20080210	14
20080211	915
20080212	1148
20080213	1092
20080214	937
20080215	785
20080216	165
20080217	34
20080218	168
20080219	857
20080220	1020
20080221	995
20080222	652
20080223	120
20080224	46
20080225	911
20080226	828
20080227	1246
20080228	895
20080229	1184
20080301	86
20080302	77
20080303	1000
20080304	855
20080305	1431
20080306	992
20080307	890
20080308	99
20080309	31
20080310	915
20080311	1169
20080312	688
20080313	1058
20080314	835
20080315	247
20080316	51
20080317	861
20080318	853
20080319	931
20080320	1030
20080321	831
20080322	309
20080323	40
20080324	910
20080325	1134
20080326	1116
20080327	813
20080328	906
20080329	65
20080330	228
20080331	981
20080401	1138
20080402	1045
20080403	1130
20080404	721
20080405	26
20080406	4
20080407	1004
20080408	1174
20080409	1327
20080410	1109
20080411	908
20080412	77
20080413	35
20080414	1207
20080415	1075
20080416	1231
20080417	988
20080418	1775
20080419	151
20080420	19
20080421	1087
20080422	1621
20080423	1166
20080424	981
20080425	668
20080426	263
20080427	47
20080428	1033
20080429	1003
20080430	1125
20080501	936
20080502	900
20080503	66
20080504	78
20080505	882
20080506	963
20080507	873
20080508	2403
20080509	941
20080510	220
20080511	12
20080512	992
20080513	1091
20080514	1183
20080515	944
20080516	989
20080517	76
20080518	88
20080519	892
20080520	1310
20080521	1180
20080522	935
20080523	808
20080524	344
20080525	6
20080526	8
20080527	943
20080528	968
20080529	1564
20080530	1260
20080531	67
20080601	8
20080602	820
20080603	1256
20080604	1003
20080605	686
20080606	1094
20080607	200
20080608	394
20080609	1200
20080610	1103
20080611	1148
20080612	842
20080613	1189
20080614	66
20080615	12
20080616	676
20080617	1269
20080618	1328
20080619	901
20080620	992
20080621	192
20080622	4
20080623	767
20080624	865
20080625	1871
20080626	1041
20080627	646
20080628	0
20080629	1
20080630	572
20080701	522
20080702	593
20080703	1174
20080704	169
20080705	0
20080706	1
20080707	668
20080708	1159
20080709	1411
20080710	1121
20080711	899
20080712	201
20080713	5
20080714	974
20080715	1427
20080716	972
20080717	982
20080718	1071
20080719	171
20080720	0
20080721	780
20080722	1840
20080723	968
20080724	1021
20080725	869
20080726	281
20080727	7
20080728	1094
20080729	888
20080730	1073
20080731	876
20080801	1315
20080802	243
20080803	66
20080804	560
20080805	977
20080806	1119
20080807	1189
20080808	928
20080809	40
20080810	28
20080811	926
20080812	1060
20080813	1142
20080814	849
20080815	833
20080816	217
20080817	0
20080818	918
20080819	1320
20080820	951
20080821	734
20080822	431
20080823	0
20080824	1320
20080825	699
20080826	902
20080827	914
20080828	1123
20080829	698
20080830	49
20080831	26
20080901	27
20080902	888
20080903	5571
20080904	1057
20080905	704
20080906	15
20080907	119
20080908	770
20080909	905
20080910	985
20080911	1033
20080912	625
20080913	318
20080914	14
20080915	776
20080916	1180
20080917	1009
20080918	1095
20080919	680
20080920	71
20080921	11
20080922	763
20080923	1304
20080924	1033
20080925	903
20080926	1232
20080927	294
20080928	48
20080929	850
20080930	787
20081001	895
20081002	966
20081003	678
20081004	52
20081005	357
20081006	774
20081007	1155
20081008	791
20081009	956
20081010	802
20081011	214
20081012	100
20081013	62
20081014	1645
20081015	1174
20081016	1096
20081017	716
20081018	184
20081019	47
20081020	719
20081021	993
20081022	882
20081023	910
20081024	1005
20081025	233
20081026	67
20081027	65682
20081028	59261
20081029	1419
20081030	739
20081031	6188
20081101	64
20081102	33
20081103	873
20081104	1727
20081105	1045
20081106	866
20081107	1121
20081108	72
20081109	23
20081110	1025
20081111	305
20081112	1647
20081113	1196
20081114	2495
20081115	214
20081116	155
20081117	1168
20081118	1559
20081119	1352
20081120	751
20081121	1217
20081122	13
20081123	32
20081124	1001
20081125	1711
20081126	1180
20081127	69
20081128	115
20081129	114
20081130	38
20081201	934
20081202	1411
20081203	1460
20081204	899
20081205	820
20081206	111
20081207	3
20081208	775
20081209	1210
20081210	19442
20081211	1020
20081212	732
20081213	12
20081214	70
20081215	1144
20081216	1365
20081217	855
20081218	1159
20081219	74
20081220	92
20081221	50
20081222	939
20081223	1177
20081224	940
20081225	43
20081226	214
20081227	76
20081228	0
20081229	27
20081230	64
20081231	164
20090101	6
20090102	43
20090103	58
20090104	9
20090105	617
20090106	1030
20090107	1417
20090108	919
20090109	942
20090110	353
20090111	29
20090112	1136
20090113	1299
20090114	1302
20090115	1080
20090116	729
20090117	209
20090118	231
20090119	49
20090120	1138
20090121	1486
20090122	1032
20090123	1112
20090124	321
20090125	32
20090126	772
20090127	1264
20090128	1150
20090129	942
20090130	892
20090131	131
20090201	67
20090202	636
20090203	1205
20090204	893
20090205	898
20090206	1560
20090207	98
20090208	57
20090209	923
20090210	1012
20090211	937
20090212	934
20090213	1455
20090214	5
20090215	77
20090216	15
20090217	1033
20090218	1187
20090219	1048
20090220	1094
20090221	226
20090222	56
20090223	795
20090224	37476
20090225	1544
20090226	1243
20090227	919
20090228	374
20090301	28
20090302	510
20090303	1180
20090304	1032
20090305	1027
20090306	846
20090307	194
20090308	23
20090309	839
20090310	1587
20090311	1273
20090312	1278
20090313	909
20090314	39
20090315	2
20090316	1064
20090317	1358
20090318	1601
20090319	1253
20090320	2904
20090321	547
20090322	92
20090323	1042
20090324	1804
20090325	1861
20090326	1105
20090327	1356
20090328	6
20090329	2
20090330	1110
20090331	1505
20090401	1313
20090402	1042
20090403	1971
20090404	75
20090405	140
20090406	1439
20090407	1173
20090408	1377
20090409	1516
20090410	1522
20090411	75
20090412	80
20090413	1736
20090414	1565
20090415	1114
20090416	1247
20090417	1064
20090418	169
20090419	17
20090420	1414
20090421	1405
20090422	1109
20090423	1129
20090424	3850
20090425	1
20090426	62
20090427	1092
20090428	1919
20090429	1213
20090430	1094
20090501	1089
20090502	0
20090503	392
20090504	1147
20090505	1305
20090506	1398
20090507	1280
20090508	1367
20090509	0
20090510	95
20090511	1404
20090512	1481
20090513	1494
20090514	1368
20090515	1243
20090516	31
20090517	46
20090518	1036
20090519	1380
20090520	1419
20090521	1417
20090522	1155
20090523	7
20090524	1
20090525	208
20090526	1372
20090527	1680
20090528	1155
20090529	1329
20090530	58
20090531	99
20090601	957
20090602	1190
20090603	1739
20090604	806
20090605	995
20090606	33
20090607	525
20090608	1422
20090609	1240
20090610	1227
20090611	1946
20090612	1515
20090613	30
20090614	89
20090615	1359
20090616	1593
20090617	2050
20090618	897
20090619	1037
20090620	3
20090621	0
20090622	867
20090623	1214
20090624	1036
20090625	836
20090626	845
20090627	2
20090628	8
20090629	667
20090630	11532
20090701	355
20090702	789
20090703	61
20090704	3
20090705	38
20090706	1024
20090707	1050
20090708	697
20090709	712
20090710	524
20090711	16
20090712	74
20090713	666
20090714	1057
20090715	1044
20090716	1223
20090717	669
20090718	303
20090719	0
20090720	1230
20090721	1234
20090722	1315
20090723	1465
20090724	966
20090725	183
20090726	371
20090727	742
20090728	991
20090729	712
20090730	583
20090731	681
20090801	4
20090802	34
20090803	1282
20090804	810
20090805	744
20090806	525
20090807	898
20090808	102
20090809	28
20090810	735
20090811	936
20090812	621
20090813	619
20090814	1981
20090815	2
20090816	189
20090817	729
20090818	789
20090819	657
20090820	756
20090821	703
20090822	11
20090823	2
20090824	716
20090825	1492
20090826	980
20090827	721
20090828	700
20090829	4
20090830	0
20090831	959
20090901	699
20090902	766
20090903	755
20090904	1156
20090905	29
20090906	91
20090907	316
20090908	985
20090909	696
20090910	953
20090911	893
20090912	3
20090913	162
20090914	1063
20090915	870
20090916	770
20090917	676
20090918	1490
20090919	10
20090920	5
20090921	1160
20090922	761
20090923	1343
20090924	719
20090925	1044
20090926	0
20090927	4
20090928	617
20090929	888
20090930	710
20091001	731
20091002	1010
20091003	7
20091004	5
20091005	885
20091006	1110
20091007	1199
20091008	683
20091009	806
20091010	19
20091011	0
20091012	165
20091013	868
20091014	1004
20091015	885
20091016	1242
20091017	8
20091018	40
20091019	857
20091020	1378
20091021	896
20091022	906
20091023	914
20091024	55
20091025	183
20091026	1004
20091027	1257
20091028	819
20091029	959
20091030	1512
20091031	41
20091101	189
20091102	839
20091103	775
20091104	824
20091105	950
20091106	753
20091107	312
20091108	37
20091109	986
20091110	1354
20091111	200
20091112	683
20091113	935
20091114	3
20091115	0
20091116	1393
20091117	1300
20091118	991
20091119	863
20091120	952
20091121	14
20091122	0
20091123	1682
20091124	1912
20091125	969
20091126	33
20091127	201
20091128	31
20091129	46
20091130	1311
20091201	1212
20091202	1444
20091203	2143
20091204	1327
20091205	172
20091206	165
20091207	986
20091208	1242
20091209	825
20091210	818
20091211	1063
20091212	49
20091213	6
20091214	1746
20091215	1464
20091216	919
20091217	873
20091218	12237
20091219	0
20091220	4
20091221	1203
20091222	1065
20091223	1792
20091224	524
20091225	293
20091226	0
20091227	0
20091228	11
20091229	148
20091230	19
20091231	255
20100101	73
20100102	338
20100103	40
20100104	780
20100105	741
20100106	1072
20100107	760
20100108	778
20100109	16
20100110	15
20100111	1102
20100112	731
20100113	1243
20100114	599
20100115	764
20100116	8
20100117	30
20100118	182
20100119	702
20100120	1274
20100121	897
20100122	1309
20100123	11
20100124	0
20100125	1155
20100126	2120
20100127	2222
20100128	754
20100129	748
20100130	79
20100131	49
20100201	1056
20100202	1273
20100203	1318
20100204	952
20100205	755
20100206	23
20100207	165
20100208	897
20100209	951
20100210	1116
20100211	1202
20100212	763
20100213	24
20100214	220
20100215	220
20100216	771
20100217	1256
20100218	2122
20100219	945
20100220	13
20100221	21
20100222	1380
20100223	3515
20100224	1122
20100225	897
20100226	877
20100227	42
20100228	94
20100301	834
20100302	909
20100303	1287
20100304	16552
20100305	926
20100306	56
20100307	96
20100308	931
20100309	1201
20100310	1586
20100311	1163
20100312	982
20100313	193
20100314	95
20100315	946
20100316	1211
20100317	1001
20100318	1268
20100319	934
20100320	5
20100321	136
20100322	1191
20100323	1404
20100324	1736
20100325	1150
20100326	1050
20100327	43
20100328	64
20100329	1565
20100330	978
20100331	1911
20100401	1140
20100402	1251
20100403	189
20100404	4
20100405	1114
20100406	1020
20100407	1919
20100408	1100
20100409	1130
20100410	12
20100411	104
20100412	894
20100413	958
20100414	1162
20100415	919
20100416	1282
20100417	31
20100418	102
20100419	902
20100420	793
20100421	1508
20100422	1054
20100423	1571
20100424	7
20100425	0
20100426	941
20100427	1175
20100428	829
20100429	915
20100430	2278
20100501	70
20100502	88
20100503	845
20100504	991
20100505	901
20100506	1081
20100507	1539
20100508	156
20100509	36
20100510	1179
20100511	1025
20100512	1118
20100513	692
20100514	1410
20100515	214
20100516	300
20100517	983
20100518	802
20100519	912
20100520	658
20100521	822
20100522	24
20100523	0
20100524	1291
20100525	1092
20100526	1111
20100527	719
20100528	1654
20100529	7
20100530	1
20100531	290
20100601	1018
20100602	916
20100603	1183
20100604	1293
20100605	154
20100606	13
20100607	1319
20100608	1107
20100609	947
20100610	1435
20100611	1037
20100612	9
20100613	5
20100614	1055
20100615	1060
20100616	1416
20100617	1280
20100618	948
20100619	60
20100620	8
20100621	977
20100622	603
20100623	645
20100624	541
20100625	1257
20100626	3
20100627	0
20100628	1653
20100629	760
20100630	541
20100701	514
20100702	408
20100703	356
20100704	9
20100705	207
20100706	361
20100707	743
20100708	776
20100709	664
20100710	48
20100711	287
20100712	848
20100713	649
20100714	762
20100715	762
20100716	606
20100717	45
20100718	23
20100719	762
20100720	747
20100721	1295
20100722	989
20100723	764
20100724	1
20100725	35
20100726	1323
20100727	1475
20100728	791
20100729	674
20100730	492
20100731	129
20100801	563
20100802	995
20100803	998
20100804	995
20100805	984
20100806	619
20100807	71
20100808	31
20100809	1286
20100810	898
20100811	931
20100812	843
20100813	626
20100814	0
20100815	295
20100816	822
20100817	951
20100818	559
20100819	656
20100820	672
20100821	178
20100822	45
20100823	946
20100824	672
20100825	886
20100826	757
20100827	1559
20100828	4
20100829	36
20100830	752
20100831	948
20100901	721
20100902	646
20100903	885
20100904	18
20100905	0
20100906	261
20100907	718
20100908	675
20100909	840
20100910	402
20100911	170
20100912	10
20100913	1025
20100914	1192
20100915	526
20100916	626
20100917	766
20100918	59
20100919	18
20100920	528
20100921	1300
20100922	1042
20100923	683
20100924	1664
20100925	14
20100926	273
20100927	624
20100928	710
20100929	880
20100930	1458
20101001	961
20101002	4
20101003	45
20101004	991
20101005	731
20101006	736
20101007	831
20101008	1141
20101009	23
20101010	34
20101011	139
20101012	586
20101013	1239
20101014	894
20101015	1062
20101016	212
20101017	163
20101018	895
20101019	1036
20101020	1207
20101021	640
20101022	1159
20101023	59
20101024	5
20101025	812
20101026	2722
20101027	795
20101028	727
20101029	923
20101030	64
20101031	8
20101101	883
20101102	1048
20101103	638
20101104	916
20101105	924
20101106	15
20101107	28
20101108	727
20101109	933
20101110	804
20101111	313
20101112	989
20101113	17
20101114	50
20101115	950
20101116	1150
20101117	904
20101118	918
20101119	2411
20101120	10
20101121	9
20101122	956
20101123	1059
20101124	723
20101125	36
20101126	41
20101127	57
20101128	431
20101129	1086
20101130	1807
20101201	1000
20101202	1969
20101203	1244
20101204	198
20101205	3
20101206	1212
20101207	812
20101208	1794
20101209	739
20101210	892
20101211	150
20101212	1
20101213	1896
20101214	930
20101215	773
20101216	1878
20101217	770
20101218	24
20101219	1
20101220	1271
20101221	602
20101222	1726
20101223	390
20101224	208
20101225	75
20101226	0
20101227	78
20101228	31
20101229	76
20101230	94
20101231	92
20110101	12
20110102	0
20110103	755
20110104	834
20110105	828
20110106	737
20110107	588
20110108	2
20110109	0
20110110	947
20110111	1195
20110112	437
20110113	894
20110114	1294
20110115	28
20110116	49
20110117	132
20110118	663
20110119	1178
20110120	967
20110121	940
20110122	8
20110123	9
20110124	1022
20110125	1380
20110126	4858
20110127	873
20110128	1778
20110129	94
20110130	66
20110131	998
20110201	899
20110202	292
20110203	1327
20110204	798
20110205	536
20110206	79
20110207	1148
20110208	1049
20110209	1221
20110210	741
20110211	1153
20110212	136
20110213	124
20110214	764
20110215	1197
20110216	957
20110217	1012
20110218	1243
20110219	8
20110220	7
20110221	150
20110222	1225
20110223	920
20110224	808
20110225	3640
20110226	131
20110227	0
20110228	1151
20110301	931
20110302	1189
20110303	1015
20110304	1713
20110305	133
20110306	1
20110307	680
20110308	972
20110309	848
20110310	1070
20110311	1392
20110312	50
20110313	366
20110314	721
20110315	4982
20110316	1149
20110317	903
20110318	814
20110319	28
20110320	2
20110321	893
20110322	964
20110323	1052
20110324	956
20110325	956
20110326	681
20110327	63
20110328	895
20110329	861
20110330	831
20110331	620
20110401	1271
20110402	29
20110403	1
20110404	1079
20110405	894
20110406	1164
20110407	1092
20110408	1090
20110409	200
20110410	153
20110411	874
20110412	939
20110413	952
20110414	903
20110415	1416
20110416	34
20110417	14
20110418	779
20110419	787
20110420	864
20110421	880
20110422	1738
20110423	43
20110424	81
20110425	786
20110426	876
20110427	1370
20110428	935
20110429	1153
20110430	29
20110501	2244
20110502	1724
20110503	2571
20110504	3004
20110505	895
20110506	1641
20110507	74
20110508	2
20110509	712
20110510	747
20110511	734
20110512	984
20110513	1125
20110514	110
20110515	80
20110516	1239
20110517	1235
20110518	3925
20110519	760
20110520	1974
20110521	675
20110522	35
20110523	699
20110524	941
20110525	1723
20110526	1149
20110527	989
20110528	35
20110529	2
20110530	185
20110531	672
20110601	816
20110602	1129
20110603	1248
20110604	140
20110605	16
20110606	994
20110607	3821
20110608	2432
20110609	1216
20110610	988
20110611	327
20110612	4
20110613	1097
20110614	2372
20110615	1262
20110616	837
20110617	1441
20110618	66
20110619	39
20110620	535
20110621	946
20110622	875
20110623	434
20110624	1157
20110625	17
20110626	1
20110627	480
20110628	604
20110629	590
20110630	497
20110701	351
20110702	0
20110703	2
20110704	0
20110705	2083
20110706	848
20110707	1351
20110708	891
20110709	7
20110710	78
20110711	669
20110712	1851
20110713	1075
20110714	1073
20110715	3523
20110716	16
20110717	3
20110718	974
20110719	1287
20110720	2466
20110721	8408
20110722	649
20110723	1552
20110724	1
20110725	1345
20110726	933
20110727	839
20110728	1192
20110729	1811
20110730	72
20110731	145
20110801	1724
20110802	1090
20110803	1699
20110804	1254
20110805	869
20110806	22
20110807	2
20110808	826
20110809	1260
20110810	731
20110811	1001
20110812	3118
20110813	12
20110814	6
20110815	883
20110816	768
20110817	7511
20110818	1453
20110819	7449
20110820	56
20110821	3
20110822	551
20110823	1490
20110824	2245
20110825	1298
20110826	1009
20110827	135
20110828	16
20110829	1796
20110830	1040
20110831	982
20110901	623
20110902	921
20110903	196
20110904	14
20110905	0
20110906	878
20110907	650
20110908	1023
20110909	1284
20110910	1077
20110911	147
20110912	645
20110913	838
20110914	8522
20110915	680
20110916	5331
20110917	62
20110918	294
20110919	703
20110920	772
20110921	927
20110922	611
20110923	1943
20110924	54
20110925	16
20110926	1120
20110927	4185
20110928	3589
20110929	3554
20110930	4029
20111001	25
20111002	3086
20111003	1093
20111004	1283
20111005	1593
20111006	947
20111007	1170
20111008	19
20111009	6
20111010	328
20111011	4963
20111012	1367
20111013	591
20111014	1093
20111015	275
20111016	96
20111017	682
20111018	1121
20111019	1102
20111020	881
20111021	1149
20111022	34
20111023	21
20111024	658
20111025	983
20111026	641
20111027	1065
20111028	1180
20111029	59
20111030	34
20111031	818
20111101	637
20111102	918
20111103	3869
20111104	3172
20111105	198
20111106	65
20111107	1266
20111108	739
20111109	694
20111110	757
20111111	405
20111112	193
20111113	18
20111114	1116
20111115	1035
20111116	1083
20111117	967
20111118	7912
20111119	242
20111120	5
20111121	852
20111122	778
20111123	866
20111124	147
20111125	1785
20111126	159
20111127	2
20111128	559
20111129	700
20111130	982
20111201	1161
20111202	1185
20111203	764
20111204	318
20111205	986
20111206	834
20111207	768
20111208	1797
20111209	881
20111210	335
20111211	39
20111212	1338
20111213	715
20111214	953
20111215	7313
20111216	937
20111217	344
20111218	4
20111219	1781
20111220	807
20111221	1030
20111222	587
20111223	1398
20111224	24
20111225	3
20111226	0
20111227	5003
20111228	282
20111229	56
20111230	96
20111231	0
20120101	2
20120102	5759
20120103	1444
20120104	889
20120105	1088
20120106	3325
20120107	94
20120108	54
20120109	629
20120110	7788
20120111	7670
20120112	5118
20120113	2384
20120114	31
20120115	61
20120116	488
20120117	2070
20120118	5590
20120119	993
20120120	965
20120121	181
20120122	4
20120123	525
20120124	1740
20120125	870
20120126	633
20120127	1750
20120128	149
20120129	4
20120130	728
20120131	5123
20120201	591
20120202	978
20120203	1333
20120204	128
20120205	311
20120206	587
20120207	1942
20120208	1259
20120209	836
20120210	1180
20120211	219
20120212	2
20120213	1530
20120214	1027
20120215	1018
20120216	471
20120217	760
20120218	528
20120219	37
20120220	167
20120221	792
20120222	1022
20120223	879
20120224	1829
20120225	32
20120226	50
20120227	528
20120228	880
20120229	621
20120301	878
20120302	1130
20120303	23
20120304	12237
20120305	720
20120306	954
20120307	592
20120308	688
20120309	542
20120310	567
20120311	314
20120312	859
20120313	1105
20120314	737
20120315	821
20120316	877
20120317	53
20120318	79
20120319	542
20120320	1016
20120321	955
20120322	730
20120323	1268
20120324	311
20120325	91
20120326	589
20120327	873
20120328	730
20120329	827
20120330	978
Cumulative Total : 4265104
