1
2
0
0
0
0
0
40
68
55
65
118
0
0
184
149
155
179
190
0
0
282
233
233
171
200
0
0
272
267
192
240
271
0
0
233
273
302
273
382
1
0
425
461
658
539
351
12
0
446
523
501
522
457
8
0
470
456
432
638
342
17
0
21
512
550
579
465
2
0
484
658
492
518
584
9
0
416
728
816
665
545
6
0
623
587
536
593
707
0
5
837
716
646
667
786
52
0
675
797
787
795
755
16
0
24
775
694
772
771
55
35
806
802
857
1002
728
112
28
856
1051
905
9110
8776
24598
24355
904
12649
822
791
37998
11356
0
12645
2300
764
983
440
179
40
960
12892
13282
12459
986
25755
509
15535
2643
62244
0
5
5
14277
754
807
877
912
962
11973
4
13873
1304
25336
976
10523
36916
6
12736
22617
10815
12901
35214
33971
0
787
509
10
32
0
1
0
22
13
8
708
622
65
0
803
940
896
946
926
142
0
996
1449
1079
1084
871
22
1
99
1207
1225
1025
854
84
2
1078
882
943
1304
1054
107
2
1004
985
1269
1090
817
91
7
958
1311
904
1074
889
0
0
30
165
1054
1419
900
108
17
1134
1602
872
969
875
162
7
988
1351
1005
1008
1044
105
5
1017
1214
1243
1006
1093
130
1
1223
1137
1200
979
865
218
0
950
2172
1223
1180
1318
264
20
1193
1196
1110
1078
952
955
47
1274
1453
934
1035
1046
208
57
1074
1052
1407
1025
971
27
0
1272
1412
975
792
894
64
0
1164
1537
1043
1143
895
71
1
1072
1083
1349
941
798
17
0
983
1119
1122
934
767
44
20
977
1712
986
835
690
40
19
13
1236
986
890
689
42
8
819
1520
925
917
458
5
30
750
918
1254
858
662
12
46
1056
1037
1383
934
777
13
8
884
1325
834
775
840
20
10
572
1396
942
701
12
1
1
755
1048
1073
853
2540
427
168
808
1250
907
1113
887
42
2
981
1671
1343
1039
877
10
2
1073
1701
1170
1220
698
29
0
867
640
955
983
841
10
37
953
1391
1277
1198
808
35
0
1093
1093
1022
972
790
24
0
1055
1708
1299
1053
943
13
1
33
1215
1067
1038
1021
679
0
1169
1424
1317
1009
864
19
38
1096
1405
1143
1001
917
1530
12
935
1275
1069
1031
945
1
9
822
1134
874
1014
855
143
25
869
1415
1103
1183
999
3
4
80
1167
1018
1166
1001
154
28
1029
1344
817
1127
974
34
15
1024
1369
1130
974
921
29
3
903
1175
968
1133
952
6
15
1046
409
1098
1031
956
19
62
1089
1442
1025
1196
946
23
204
1090
1388
836
0
22
19
57
789
1162
1158
887
1069
10
63
960
1319
1166
872
937
8
18
931
1123
859
842
854
0
0
916
1121
158
0
3
0
0
17
0
9
0
3
0
0
304
735
824
758
767
0
2
863
969
1020
941
802
4
1
21
1015
1239
1089
867
0
0
1107
1189
1166
2189
1126
23
4
1012
1298
1393
1086
1128
33
17
947
1199
1119
1052
1032
12
11
37
1165
1236
990
1150
12
4
1140
1163
1315
899
1322
25
11
777
1158
1248
1244
1052
172
95
1060
1300
1178
1044
918
17
27
980
1718
1164
1033
1088
33
23
1200
1543
1038
1241
1122
27
13
1038
1900
1169
1141
971
2
29
1036
1529
1212
1098
960
13
0
1280
1616
1110
1019
947
40
124
1022
1745
1516
909
956
49
147
879
1725
1239
1089
1160
2
38
1013
1591
1326
1029
1152
1
10
1120
1504
1049
1068
946
51
152
1162
1770
1184
1037
1116
0
2
1276
1709
1281
1025
981
0
8
44
1549
1220
1369
1227
84
97
1231
1900
1431
813
1039
33
38
1303
1724
1829
1627
1539
33
227
1220
1203
725
934
780
6
16
841
1459
945
753
677
1
91
1
983
1108
1161
776
1
34
1172
1747
1194
1074
946
1
2
1093
1764
1120
1178
890
0
0
1229
1754
1315
1192
1050
9
5
1091
1325
1088
1137
996
0
1
1171
1159
1193
1169
976
0
3
849
993
1268
1151
844
0
0
817
875
788
1262
1209
1
2
1365
1089
1094
1068
914
0
39
2
890
1008
1089
1228
0
0
1420
1514
1104
1181
1149
34
133
1357
1554
2185
1335
1193
0
5
1387
1815
1288
1473
1201
14
24
1324
1504
1201
1079
901
4
3
53
1332
875
862
790
2
0
892
1473
1071
997
814
12
13
979
1114
964
935
928
36
25
1049
1093
712
722
702
12
9
753
1118
531
29
606
47
16
810
1136
829
898
781
13
20
902
1336
614
0
1
14
48
847
1273
735
821
577
21
16
699
885
812
946
708
0
4
838
922
640
659
571
17
5
771
717
603
193
0
0
1
9
30
42
55
23
0
0
624
1280
646
1653
740
2
0
912
1207
956
1202
598
6
26
0
1242
832
783
579
3
23
48
819
128
863
673
33
21
999
962
979
663
689
15
3
731
1219
1029
839
1021
2
1
992
1079
1239
881
798
1
0
15
945
862
739
740
19
158
1173
1138
1078
1259
868
26
28
1009
1309
942
949
748
30
5
796
1438
994
1143
5641
830
51
822
1583
799
816
760
13
3
901
1452
770
944
610
5
4
987
1157
735
1000
671
23
59
914
1681
926
991
682
51
0
766
1523
860
943
627
35
9
1360
2018
984
759
874
56
4
649
1256
860
810
788
0
28
886
1465
637
653
3851
5
21
834
1220
912
961
936
75
65
726
1092
935
755
644
0
4
13
1215
935
832
742
24
25
1069
1418
1039
634
901
23
7
726
1753
1037
1137
932
8
0
980
1804
1348
561
431
2
0
551
833
639
560
407
1
8
25
751
686
1019
733
30
1
898
1087
957
740
687
17
24
956
1006
806
797
745
0
134
883
1484
1029
881
759
0
31
874
1331
983
1053
715
1
8
928
1165
1021
1020
713
1
7
830
1191
1030
1071
942
7
6
1145
1313
961
949
850
1
0
829
927
685
632
501
15
0
0
624
702
792
546
0
0
664
1439
729
840
879
1
1
771
1623
839
1005
756
6
9
857
1227
820
857
924
3
0
935
1244
820
736
903
1
5
60
1272
776
836
874
1
32
777
1177
835
1053
920
5
293
936
1311
1026
1072
1029
1
0
954
1339
902
1071
763
20
3
1041
1037
1087
971
114
0
5
931
1226
1120
1117
900
13
27
1045
1744
610
0
11
17
17
1230
1301
952
885
713
3419
1
812
1240
913
830
696
0
5
716
1451
977
774
846
0
1
792
1309
644
811
161
0
2
0
129
43
43
14
11
6
1
764
897
972
628
5
11
939
1542
860
1003
614
4
12
10
1063
825
1246
776
1
3
1424
1291
1057
1028
873
4
1
771
1054
790
905
700
13
8
872
1202
934
1475
758
5
0
860
1209
752
808
801
85
2
36
1084
983
906
850
1
9
923
1425
987
1078
772
10
72
849
1203
951
879
821
30
71
779
1490
840
902
788
7
27
893
1506
1163
1203
764
11
160
898
1130
917
823
6602
0
48
748
1278
1058
742
773
6
10
863
1223
802
1000
655
6
23
825
1183
1033
904
768
11
35
1049
2048
990
1031
984
230
93
727
1100
856
823
505
4
0
811
1357
995
867
817
8
43
873
1089
1024
937
2433
809
0
1000
1201
956
1330
800
0
5
0
1258
1025
935
694
23
2
770
938
1042
1190
1105
19
0
1034
1179
1069
1717
1015
34
20
1137
1464
1679
1671
689
3
2
653
800
605
833
392
3
1
375
46
543
760
772
2
0
1104
998
1240
992
657
73
4
1225
896
989
939
550
54
4
1420
802
1415
1472
677
77
1
699
759
756
1906
711
621
1
727
835
1030
1321
732
5
8
835
1074
806
1573
748
0
0
709
807
947
961
767
12
40
938
1059
884
798
1051
57
1
0
560
737
527
790
51
1
729
950
781
3837
2001
150
0
1061
975
971
3015
1288
0
6
951
1019
1132
1763
769
42
15
985
924
805
1554
726
78
1
4
958
780
1098
574
59
0
802
875
1137
1188
556
0
14
805
877
891
1109
821
94
1
949
930
867
1123
624
59
22
766
992
866
1111
139
51
16
862
922
925
2060
556
39
5
875
929
2309
500
5
14
0
815
995
689
1387
740
155
3
782
874
917
1337
1055
54
1
895
892
787
1058
629
114
16
805
709
782
1194
381
97
1
0
64
13
301
73
34
10
0
556
867
830
758
1
195
727
928
898
927
1719
9
1
4
962
809
852
2260
109
0
900
1176
863
952
1209
86
0
816
1060
1014
835
783
63
0
791
972
990
931
610
6
3
787
1119
703
904
1345
31
847
0
1200
1059
1316
1081
112
78
820
1152
1017
857
554
76
15
986
1061
887
1317
732
243
10
833
1237
1093
1576
487
164
87
621
986
797
1195
896
162
88
820
1199
814
2464
566
74
17
789
825
938
1014
565
56
30
755
925
908
1231
923
15
15
771
1140
1144
1503
734
45
101
849
909
981
1147
1114
163
72
1027
1381
996
1171
708
89
53
1020
838
1662
970
20011
18988
56
15885
1041
1747
13911
41476
221
50
841
780
28859
2169
817
124
22
0
5078
838
1224
43609
236
75
551
588
914
3751
31739
2814
29
5934
979
1057
1243
792
154
1
781
768
978
749
496
34
0
635
1003
837
811
771
2905
0
461
498
146
798
463
89
0
645
607
936
1192
539
90
11
739
803
833
976
43525
121
38925
764
850
925
1017
42786
335
259
908
1562
913
1270
38466
337
202
746
860
1071
30961
39976
566
300
879
1546
983
947
54251
607
165
1004
5789
851
679
648
300
5
744
19985
1229
4031
41457
256
17
39
12695
23763
800
43901
574
20932
956
1097
1148
712
44226
1094
24488
827
723
776
1042
772
105
20
708
1066
1302
873
39034
847
17
860
926
1145
824
40556
24949
1821
11
920
885
1016
22411
260
1124
907
1101
894
1105
839
196
33
602
969
1223
1210
647
263
5
936
748
1326
870
1302
155
8
1123
949
1199
847
953
165
37
8
920
1136
1059
1023
160
53
916
1331
1067
183
15
38
26
838
625
1133
942
858
250
118
853
779
1521
914
971
257
23
1009
1189
1311
982
660
362
341
1159
1634
1371
857
1035
142
95
0
0
64
125
7
0
0
0
169
480
991
1166
68
133
727
1001
1126
939
806
77
33
655
982
1791
1495
1128
282
106
17
1042
1181
1142
999
127
52
916
1006
1129
905
746
92
45
1061
1052
931
729
976
155
14
915
1148
1092
937
785
165
34
168
857
1020
995
652
120
46
911
828
1246
895
1184
86
77
1000
855
1431
992
890
99
31
915
1169
688
1058
835
247
51
861
853
931
1030
831
309
40
910
1134
1116
813
906
65
228
981
1138
1045
1130
721
26
4
1004
1174
1327
1109
908
77
35
1207
1075
1231
988
1775
151
19
1087
1621
1166
981
668
263
47
1033
1003
1125
936
900
66
78
882
963
873
2403
941
220
12
992
1091
1183
944
989
76
88
892
1310
1180
935
808
344
6
8
943
968
1564
1260
67
8
820
1256
1003
686
1094
200
394
1200
1103
1148
842
1189
66
12
676
1269
1328
901
992
192
4
767
865
1871
1041
646
0
1
572
522
593
1174
169
0
1
668
1159
1411
1121
899
201
5
974
1427
972
982
1071
171
0
780
1840
968
1021
869
281
7
1094
888
1073
876
1315
243
66
560
977
1119
1189
928
40
28
926
1060
1142
849
833
217
0
918
1320
951
734
431
0
1320
699
902
914
1123
698
49
26
27
888
5571
1057
704
15
119
770
905
985
1033
625
318
14
776
1180
1009
1095
680
71
11
763
1304
1033
903
1232
294
48
850
787
895
966
678
52
357
774
1155
791
956
802
214
100
62
1645
1174
1096
716
184
47
719
993
882
910
1005
233
67
65682
59261
1419
739
6188
64
33
873
1727
1045
866
1121
72
23
1025
305
1647
1196
2495
214
155
1168
1559
1352
751
1217
13
32
1001
1711
1180
69
115
114
38
934
1411
1460
899
820
111
3
775
1210
19442
1020
732
12
70
1144
1365
855
1159
74
92
50
939
1177
940
43
214
76
0
27
64
164
6
43
58
9
617
1030
1417
919
942
353
29
1136
1299
1302
1080
729
209
231
49
1138
1486
1032
1112
321
32
772
1264
1150
942
892
131
67
636
1205
893
898
1560
98
57
923
1012
937
934
1455
5
77
15
1033
1187
1048
1094
226
56
795
37476
1544
1243
919
374
28
510
1180
1032
1027
846
194
23
839
1587
1273
1278
909
39
2
1064
1358
1601
1253
2904
547
92
1042
1804
1861
1105
1356
6
2
1110
1505
1313
1042
1971
75
140
1439
1173
1377
1516
1522
75
80
1736
1565
1114
1247
1064
169
17
1414
1405
1109
1129
3850
1
62
1092
1919
1213
1094
1089
0
392
1147
1305
1398
1280
1367
0
95
1404
1481
1494
1368
1243
31
46
1036
1380
1419
1417
1155
7
1
208
1372
1680
1155
1329
58
99
957
1190
1739
806
995
33
525
1422
1240
1227
1946
1515
30
89
1359
1593
2050
897
1037
3
0
867
1214
1036
836
845
2
8
667
11532
355
789
61
3
38
1024
1050
697
712
524
16
74
666
1057
1044
1223
669
303
0
1230
1234
1315
1465
966
183
371
742
991
712
583
681
4
34
1282
810
744
525
898
102
28
735
936
621
619
1981
2
189
729
789
657
756
703
11
2
716
1492
980
721
700
4
0
959
699
766
755
1156
29
91
316
985
696
953
893
3
162
1063
870
770
676
1490
10
5
1160
761
1343
719
1044
0
4
617
888
710
731
1010
7
5
885
1110
1199
683
806
19
0
165
868
1004
885
1242
8
40
857
1378
896
906
914
55
183
1004
1257
819
959
1512
41
189
839
775
824
950
753
312
37
986
1354
200
683
935
3
0
1393
1300
991
863
952
14
0
1682
1912
969
33
201
31
46
1311
1212
1444
2143
1327
172
165
986
1242
825
818
1063
49
6
1746
1464
919
873
12237
0
4
1203
1065
1792
524
293
0
0
11
148
19
255
73
338
40
780
741
1072
760
778
16
15
1102
731
1243
599
764
8
30
182
702
1274
897
1309
11
0
1155
2120
2222
754
748
79
49
1056
1273
1318
952
755
23
165
897
951
1116
1202
763
24
220
220
771
1256
2122
945
13
21
1380
3515
1122
897
877
42
94
834
909
1287
16552
926
56
96
931
1201
1586
1163
982
193
95
946
1211
1001
1268
934
5
136
1191
1404
1736
1150
1050
43
64
1565
978
1911
1140
1251
189
4
1114
1020
1919
1100
1130
12
104
894
958
1162
919
1282
31
102
902
793
1508
1054
1571
7
0
941
1175
829
915
2278
70
88
845
991
901
1081
1539
156
36
1179
1025
1118
692
1410
214
300
983
802
912
658
822
24
0
1291
1092
1111
719
1654
7
1
290
1018
916
1183
1293
154
13
1319
1107
947
1435
1037
9
5
1055
1060
1416
1280
948
60
8
977
603
645
541
1257
3
0
1653
760
541
514
408
356
9
207
361
743
776
664
48
287
848
649
762
762
606
45
23
762
747
1295
989
764
1
35
1323
1475
791
674
492
129
563
995
998
995
984
619
71
31
1286
898
931
843
626
0
295
822
951
559
656
672
178
45
946
672
886
757
1559
4
36
752
948
721
646
885
18
0
261
718
675
840
402
170
10
1025
1192
526
626
766
59
18
528
1300
1042
683
1664
14
273
624
710
880
1458
961
4
45
991
731
736
831
1141
23
34
139
586
1239
894
1062
212
163
895
1036
1207
640
1159
59
5
812
2722
795
727
923
64
8
883
1048
638
916
924
15
28
727
933
804
313
989
17
50
950
1150
904
918
2411
10
9
956
1059
723
36
41
57
431
1086
1807
1000
1969
1244
198
3
1212
812
1794
739
892
150
1
1896
930
773
1878
770
24
1
1271
602
1726
390
208
75
0
78
31
76
94
92
12
0
755
834
828
737
588
2
0
947
1195
437
894
1294
28
49
132
663
1178
967
940
8
9
1022
1380
4858
873
1778
94
66
998
899
292
1327
798
536
79
1148
1049
1221
741
1153
136
124
764
1197
957
1012
1243
8
7
150
1225
920
808
3640
131
0
1151
931
1189
1015
1713
133
1
680
972
848
1070
1392
50
366
721
4982
1149
903
814
28
2
893
964
1052
956
956
681
63
895
861
831
620
1271
29
1
1079
894
1164
1092
1090
200
153
874
939
952
903
1416
34
14
779
787
864
880
1738
43
81
786
876
1370
935
1153
29
2244
1724
2571
3004
895
1641
74
2
712
747
734
984
1125
110
80
1239
1235
3925
760
1974
675
35
699
941
1723
1149
989
35
2
185
672
816
1129
1248
140
16
994
3821
2432
1216
988
327
4
1097
2372
1262
837
1441
66
39
535
946
875
434
1157
17
1
480
604
590
497
351
0
2
0
2083
848
1351
891
7
78
669
1851
1075
1073
3523
16
3
974
1287
2466
8408
649
1552
1
1345
933
839
1192
1811
72
145
1724
1090
1699
1254
869
22
2
826
1260
731
1001
3118
12
6
883
768
7511
1453
7449
56
3
551
1490
2245
1298
1009
135
16
1796
1040
982
623
921
196
14
0
878
650
1023
1284
1077
147
645
838
8522
680
5331
62
294
703
772
927
611
1943
54
16
1120
4185
3589
3554
4029
25
3086
1093
1283
1593
947
1170
19
6
328
4963
1367
591
1093
275
96
682
1121
1102
881
1149
34
21
658
983
641
1065
1180
59
34
818
637
918
3869
3172
198
65
1266
739
694
757
405
193
18
1116
1035
1083
967
7912
242
5
852
778
866
147
1785
159
2
559
700
982
1161
1185
764
318
986
834
768
1797
881
335
39
1338
715
953
7313
937
344
4
1781
807
1030
587
1398
24
3
0
5003
282
56
96
0
2
5759
1444
889
1088
3325
94
54
629
7788
7670
5118
2384
31
61
488
2070
5590
993
965
181
4
525
1740
870
633
1750
149
4
728
5123
591
978
1333
128
311
587
1942
1259
836
1180
219
2
1530
1027
1018
471
760
528
37
167
792
1022
879
1829
32
50
528
880
621
878
1130
23
12237
720
954
592
688
542
567
314
859
1105
737
821
877
53
79
542
1016
955
730
1268
311
91
589
873
730
827
978
